CCD 0.1546023235031278 0.0876068376068376 0.23413762287756926 0.10683760683760683
CCD 0.3949955317247542 0.0876068376068376 0.23413762287756926 0.10683760683760683
CCD 0.6362823949955317 0.0876068376068376 0.23413762287756926 0.10683760683760683
CCD 0.8766756032171582 0.0876068376068376 0.23413762287756926 0.10683760683760683
CCD 0.1546023235031278 0.21628679962013295 0.23413762287756926 0.10683760683760683
CCD 0.3949955317247542 0.21628679962013295 0.23413762287756926 0.10683760683760683
CCD 0.6362823949955317 0.21628679962013295 0.23413762287756926 0.10683760683760683
CCD 0.8766756032171582 0.21628679962013295 0.23413762287756926 0.10683760683760683
CCD 0.1546023235031278 0.7604463437796771 0.23413762287756926 0.10683760683760683
CCD 0.3949955317247542 0.7604463437796771 0.23413762287756926 0.10683760683760683
CCD 0.6362823949955317 0.7604463437796771 0.23413762287756926 0.10683760683760683
CCD 0.8766756032171582 0.7604463437796771 0.23413762287756926 0.10683760683760683
CCD 0.1546023235031278 0.8886514719848053 0.23413762287756926 0.10683760683760683
CCD 0.3949955317247542 0.8886514719848053 0.23413762287756926 0.10683760683760683
CCD 0.6362823949955317 0.8886514719848053 0.23413762287756926 0.10683760683760683
CCD 0.8766756032171582 0.8886514719848053 0.23413762287756926 0.10683760683760683
IOD 0.515638963360143 0.4881291547958214 0.6702412868632708 0.22507122507122507
