0 0.16955128205128206 0.07832456799398949 0.22243589743589742 0.1115702479338843
0 0.39775641025641023 0.07832456799398949 0.22243589743589742 0.1115702479338843
0 0.6259615384615385 0.07832456799398949 0.22243589743589742 0.1115702479338843
0 0.8541666666666667 0.07832456799398949 0.22243589743589742 0.1115702479338843
0 0.16955128205128206 0.2128099173553719 0.22243589743589742 0.1115702479338843
0 0.39775641025641023 0.2128099173553719 0.22243589743589742 0.1115702479338843
0 0.6259615384615385 0.2128099173553719 0.22243589743589742 0.1115702479338843
0 0.8541666666666667 0.2128099173553719 0.22243589743589742 0.1115702479338843
0 0.16955128205128206 0.7808039068369647 0.22243589743589742 0.1115702479338843
0 0.39775641025641023 0.7808039068369647 0.22243589743589742 0.1115702479338843
0 0.6259615384615385 0.7808039068369647 0.22243589743589742 0.1115702479338843
0 0.8541666666666667 0.7808039068369647 0.22243589743589742 0.1115702479338843
0 0.16955128205128206 0.9156649135987979 0.22243589743589742 0.1115702479338843
0 0.39775641025641023 0.9156649135987979 0.22243589743589742 0.1115702479338843
0 0.6259615384615385 0.9156649135987979 0.22243589743589742 0.1115702479338843
0 0.8541666666666667 0.9156649135987979 0.22243589743589742 0.1115702479338843
1 0.5118589743589743 0.4971825694966191 0.6352564102564102 0.23553719008264462
