CCD 0.2714526079641054 0.11578707916287534 0.14806505888951205 0.10327570518653321
CCD 0.42400448681996633 0.11578707916287534 0.14806505888951205 0.10327570518653321
CCD 0.5759955131800336 0.11578707916287534 0.14806505888951205 0.10327570518653321
CCD 0.7291082445316882 0.11578707916287534 0.14806505888951205 0.10327570518653321
CCD 0.2714526079641054 0.2399909008189263 0.14806505888951205 0.10327570518653321
CCD 0.42400448681996633 0.2399909008189263 0.14806505888951205 0.10327570518653321
CCD 0.5759955131800336 0.2399909008189263 0.14806505888951205 0.10327570518653321
CCD 0.7291082445316882 0.2399909008189263 0.14806505888951205 0.10327570518653321
CCD 0.2714526079641054 0.7659235668789809 0.14806505888951205 0.10327570518653321
CCD 0.42400448681996633 0.7659235668789809 0.14806505888951205 0.10327570518653321
CCD 0.5759955131800336 0.7659235668789809 0.14806505888951205 0.10327570518653321
CCD 0.7291082445316882 0.7659235668789809 0.14806505888951205 0.10327570518653321
CCD 0.2714526079641054 0.8901273885350318 0.14806505888951205 0.10327570518653321
CCD 0.42400448681996633 0.8901273885350318 0.14806505888951205 0.10327570518653321
CCD 0.5759955131800336 0.8901273885350318 0.14806505888951205 0.10327570518653321
CCD 0.7291082445316882 0.8901273885350318 0.14806505888951205 0.10327570518653321
IOD 0.5002804262478968 0.502729754322111 0.4251261918115536 0.21747042766151045
