CCD 0.27132761231701163 0.11210762331838564 0.14891468955073195 0.10354667753770892
CCD 0.4242806663301363 0.11210762331838564 0.14891468955073195 0.10354667753770892
CCD 0.5777385159010602 0.11210762331838564 0.14891468955073195 0.10354667753770892
CCD 0.731701161029783 0.11210762331838564 0.14891468955073195 0.10354667753770892
CCD 0.27132761231701163 0.2368528332653893 0.14891468955073195 0.10354667753770892
CCD 0.4242806663301363 0.2368528332653893 0.14891468955073195 0.10354667753770892
CCD 0.5777385159010602 0.2368528332653893 0.14891468955073195 0.10354667753770892
CCD 0.731701161029783 0.2368528332653893 0.14891468955073195 0.10354667753770892
CCD 0.27132761231701163 0.7635548308194048 0.14891468955073195 0.10354667753770892
CCD 0.4242806663301363 0.7635548308194048 0.14891468955073195 0.10354667753770892
CCD 0.5777385159010602 0.7635548308194048 0.14891468955073195 0.10354667753770892
CCD 0.731701161029783 0.7635548308194048 0.14891468955073195 0.10354667753770892
CCD 0.27132761231701163 0.8878923766816144 0.14891468955073195 0.10354667753770892
CCD 0.4242806663301363 0.8878923766816144 0.14891468955073195 0.10354667753770892
CCD 0.5777385159010602 0.8878923766816144 0.14891468955073195 0.10354667753770892
CCD 0.731701161029783 0.8878923766816144 0.14891468955073195 0.10354667753770892
IOD 0.5015143866733973 0.5 0.4275618374558304 0.21810028536485934
