0 0.3001950303491376 0.01040105303678357 0.03330054007130693 0.09965781710173739
0 0.43850450057550407 0.01040105303678357 0.03330054007130693 0.09965781710173739
0 0.5757500119709788 0.01040105303678357 0.03330054007130693 0.09965781710173739
0 0.7019857353664535 0.01040105303678357 0.03330054007130693 0.09965781710173739
0 0.3001950303491376 0.14006153107869975 0.03330054007130693 0.09965781710173739
0 0.43850450057550407 0.14006153107869975 0.03330054007130693 0.09965781710173739
0 0.5757500119709788 0.14006153107869975 0.03330054007130693 0.09965781710173739
0 0.7019857353664535 0.14006153107869975 0.03330054007130693 0.09965781710173739
0 0.3001950303491376 0.7481890360036869 0.03330054007130693 0.09965781710173739
0 0.43850450057550407 0.7481890360036869 0.03330054007130693 0.09965781710173739
0 0.5757500119709788 0.7481890360036869 0.03330054007130693 0.09965781710173739
0 0.7019857353664535 0.7481890360036869 0.03330054007130693 0.09965781710173739
0 0.3001950303491376 0.8680496050556030 0.03330054007130693 0.09965781710173739
0 0.43850450057550407 0.8680496050556030 0.03330054007130693 0.09965781710173739
0 0.5757500119709788 0.8680496050556030 0.03330054007130693 0.09965781710173739
0 0.7019857353664535 0.8680496050556030 0.03330054007130693 0.09965781710173739
1 0.5070313067731406 0.49443969104448146 0.381685686078061 0.10043617030650983
