0 0.17020631067961164 0.09210526315789475 0.2178398058252427 0.10953058321479374
0 0.3935072815533981 0.09210526315789475 0.2178398058252427 0.10953058321479374
0 0.6174150485436893 0.09210526315789475 0.2178398058252427 0.10953058321479374
0 0.8413228155339806 0.09210526315789475 0.2178398058252427 0.10953058321479374
0 0.17020631067961164 0.2236842105263158 0.2178398058252427 0.10953058321479374
0 0.3935072815533981 0.2236842105263158 0.2178398058252427 0.10953058321479374
0 0.6174150485436893 0.2236842105263158 0.2178398058252427 0.10953058321479374
0 0.8413228155339806 0.2236842105263158 0.2178398058252427 0.10953058321479374
0 0.17020631067961164 0.781294452347084 0.2178398058252427 0.10953058321479374
0 0.3935072815533981 0.781294452347084 0.2178398058252427 0.10953058321479374
0 0.6174150485436893 0.781294452347084 0.2178398058252427 0.10953058321479374
0 0.8413228155339806 0.781294452347084 0.2178398058252427 0.10953058321479374
0 0.17020631067961164 0.9132290184921764 0.2178398058252427 0.10953058321479374
0 0.3935072815533981 0.9132290184921764 0.2178398058252427 0.10953058321479374
0 0.6174150485436893 0.9132290184921764 0.2178398058252427 0.10953058321479374
0 0.8413228155339806 0.9132290184921764 0.2178398058252427 0.10953058321479374
1 0.5054611650485437 0.5023115220483642 0.6225728155339806 0.23079658605974396
