0 0.35103339871486505 0.00436790164074706 0.06576753300446196 0.09097806043679016
0 0.659046640500054 0.00436790164074706 0.06576753300446196 0.09097806043679016
0 0.35103339871486505 0.09970600587988138 0.06576753300446196 0.09097806043679016
0 0.659046640500054 0.09970600587988138 0.06576753300446196 0.09097806043679016
0 0.35103339871486505 0.19410400590768064 0.06576753300446196 0.09097806043679016
0 0.659046640500054 0.19410400590768064 0.06576753300446196 0.09097806043679016
0 0.35103339871486505 0.7005959680806384 0.06576753300446196 0.09097806043679016
0 0.659046640500054 0.7005959680806384 0.06576753300446196 0.09097806043679016
0 0.35103339871486505 0.7960940780084377 0.06576753300446196 0.09097806043679016
0 0.659046640500054 0.7960940780084377 0.06576753300446196 0.09097806043679016
0 0.35103339871486505 0.8900010797564049 0.06576753300446196 0.09097806043679016
0 0.659046640500054 0.8900010797564049 0.06576753300446196 0.09097806043679016
1 0.5053948003731110 0.498000037799144 0.3977439910530061 0.10670566568668617
