0 0.3441580300803008 0.09501550010408061 0.07317135771357714 0.0939615850340036
0 0.6659044705447054 0.09501550010408061 0.07317135771357714 0.0939615850340036
0 0.3441580300803008 0.09138945578130191 0.07317135771357714 0.0939615850340036
0 0.6659044705447054 0.09138945578130191 0.07317135771357714 0.0939615850340036
0 0.3441580300803008 0.189318130191507 0.07317135771357714 0.0939615850340036
0 0.6659044705447054 0.189318130191507 0.07317135771357714 0.0939615850340036
0 0.3441580300803008 0.7055697178900565 0.07317135771357714 0.0939615850340036
0 0.6659044705447054 0.7055697178900565 0.07317135771357714 0.0939615850340036
0 0.3441580300803008 0.8015085034003605 0.07317135771357714 0.0939615850340036
0 0.6659044705447054 0.8015085034003605 0.07317135771357714 0.0939615850340036
0 0.3441580300803008 0.8998714489795908 0.07317135771357714 0.0939615850340036
0 0.6659044705447054 0.8998714489795908 0.07317135771357714 0.0939615850340036
1 0.505589430894309 0.49766056461585037 0.4066666666666667 0.11050360544107688
