0 0.2170596393897365 0.0810842803030303 0.2991215903837263 0.09919507575757576
0 0.770920018492834 0.0810842803030303 0.2991215903837263 0.09919507575757576
0 0.2170596393897365 0.18335700757575757 0.2991215903837263 0.09919507575757576
0 0.770920018492834 0.18335700757575757 0.2991215903837263 0.09919507575757576
0 0.2170596393897365 0.28562973484848486 0.2991215903837263 0.09919507575757576
0 0.770920018492834 0.28562973484848486 0.2991215903837263 0.09919507575757576
0 0.2170596393897365 0.7247869318181818 0.2991215903837263 0.09919507575757576
0 0.770920018492834 0.7247869318181818 0.2991215903837263 0.09919507575757576
0 0.2170596393897365 0.8268229166666666 0.2991215903837263 0.09919507575757576
0 0.770920018492834 0.8268229166666666 0.2991215903837263 0.09919507575757576
0 0.2170596393897365 0.9290956439393939 0.2991215903837263 0.09919507575757576
0 0.770920018492834 0.9290956439393939 0.2991215903837263 0.09919507575757576
1 0.4939898289412853 0.5050899621212122 0.7179842810910773 0.23319128787878787
