0 0.11740860530407601 0.06481808011911636 0.19801841731690416 0.00051530040069713
0 0.7794589637780834 0.06481808011911636 0.19801841731690416 0.00051530040069713
0 0.11740860530407601 0.0684574976011154 0.19801841731690416 0.00051530040069713
0 0.7794589637780834 0.0684574976011154 0.19801841731690416 0.00051530040069713
0 0.11740860530407601 0.1710869049951144 0.19801841731690416 0.00051530040069713
0 0.7794589637780834 0.1710869049951144 0.19801841731690416 0.00051530040069713
0 0.11740860530407601 0.7069193108710051 0.19801841731690416 0.00051530040069713
0 0.7794589637780834 0.7069193108710051 0.19801841731690416 0.00051530040069713
0 0.11740860530407601 0.8105587391550044 0.19801841731690416 0.00051530040069713
0 0.7794589637780834 0.8105587391550044 0.19801841731690416 0.00051530040069713
0 0.11740860530407601 0.9140880566380035 0.19801841731690416 0.00051530040069713
0 0.7794589637780834 0.9140880566380035 0.19801841731690416 0.00051530040069713
1 0.5034387895460798 0.49486618461173063 0.7051681155845941 0.13661846117306041
