0 0.30505444005444006 0.05540971190038549 0.09000969000969003 0.00430947840160798
0 0.6689089089089089 0.05540971190038549 0.09000969000969003 0.00430947840160798
0 0.30505444005444006 0.06199908500407498 0.09000969000969003 0.00430947840160798
0 0.6689089089089089 0.06199908500407498 0.09000969000969003 0.00430947840160798
0 0.30505444005444006 0.1705786470067645 0.09000969000969003 0.00430947840160798
0 0.6689089089089089 0.1705786470067645 0.09000969000969003 0.00430947840160798
0 0.30505444005444006 0.731680336593307 0.09000969000969003 0.00430947840160798
0 0.6689089089089089 0.731680336593307 0.09000969000969003 0.00430947840160798
0 0.30505444005444006 0.8401607986960066 0.09000969000969003 0.00430947840160798
0 0.6689089089089089 0.8401607986960066 0.09000969000969003 0.00430947840160798
0 0.30505444005444006 0.9486551567137064 0.09000969000969003 0.00430947840160798
0 0.6689089089089089 0.9486551567137064 0.09000969000969003 0.00430947840160798
1 0.49055405405405406 0.5008337408301958 0.458000583000583 0.14571017039364303
