0 0.3596153846153846 0.1217971851317214 0.16025641025641027 0.08769397329483941
0 0.657051282051282 0.1217971851317214 0.16025641025641027 0.08769397329483941
0 0.3596153846153846 0.21273908336340672 0.16025641025641027 0.08769397329483941
0 0.657051282051282 0.21273908336340672 0.16025641025641027 0.08769397329483941
0 0.3596153846153846 0.3033201010465536 0.16025641025641027 0.08769397329483941
0 0.657051282051282 0.3033201010465536 0.16025641025641027 0.08769397329483941
0 0.3596153846153846 0.6916275712739084 0.16025641025641027 0.08769397329483941
0 0.657051282051282 0.6916275712739084 0.16025641025641027 0.08769397329483941
0 0.3596153846153846 0.7822085889570553 0.16025641025641027 0.08769397329483941
0 0.657051282051282 0.7822085889570553 0.16025641025641027 0.08769397329483941
0 0.3596153846153846 0.8724287260916637 0.16025641025641027 0.08769397329483941
0 0.657051282051282 0.8724287260916637 0.16025641025641027 0.08769397329483941
1 0.5083333333333333 0.49747383616023094 0.38504273504273506 0.20678455431252254
