0 0.3501306006076006 0.0961138398544030 0.06006076006469378 0.09044676979070883
0 0.6470950590868145 0.0961138398544030 0.06006076006469378 0.09044676979070883
0 0.3501306006076006 0.09030018107460316 0.06006076006469378 0.09044676979070883
0 0.6470950590868145 0.09030018107460316 0.06006076006469378 0.09044676979070883
0 0.3501306006076006 0.1859407651400183 0.06006076006469378 0.09044676979070883
0 0.6470950590868145 0.1859407651400183 0.06006076006469378 0.09044676979070883
0 0.3501306006076006 0.6907651400181985 0.06006076006469378 0.09044676979070883
0 0.6470950590868145 0.6907651400181985 0.06006076006469378 0.09044676979070883
0 0.3501306006076006 0.7868506833484986 0.06006076006469378 0.09044676979070883
0 0.6470950590868145 0.7868506833484986 0.06006076006469378 0.09044676979070883
0 0.3501306006076006 0.8800181074603185 0.06006076006469378 0.09044676979070883
0 0.6470950590868145 0.8800181074603185 0.06006076006469378 0.09044676979070883
1 0.4984559958816557 0.4893084611383986 0.3844570151087339 0.10600555050045496
