0 0.34679334906864607 0.00090616409007703 0.0653106650830354 0.09098118663446055
0 0.6517305904489300 0.00090616409007703 0.0653106650830354 0.09098118663446055
0 0.34679334906864607 0.10530400966083574 0.0653106650830354 0.09098118663446055
0 0.6517305904489300 0.10530400966083574 0.0653106650830354 0.09098118663446055
0 0.34679334906864607 0.19900433071301737 0.0653106650830354 0.09098118663446055
0 0.6517305904489300 0.19900433071301737 0.0653106650830354 0.09098118663446055
0 0.34679334906864607 0.7008856681769716 0.0653106650830354 0.09098118663446055
0 0.6517305904489300 0.7008856681769716 0.0653106650830354 0.09098118663446055
0 0.34679334906864607 0.7941834038486301 0.0653106650830354 0.09098118663446055
0 0.6517305904489300 0.7941834038486301 0.0653106650830354 0.09098118663446055
0 0.34679334906864607 0.8876800594101898 0.0653106650830354 0.09098118663446055
0 0.6517305904489300 0.8876800594101898 0.0653106650830354 0.09098118663446055
1 0.4995149406075771 0.499597413500467 0.39667458431304037 0.10336553945149598
