0 0.11873700340106088 0.08379948364888013 0.1968103058409144 0.09607039586909004
0 0.7704037800687186 0.08379948364888013 0.1968103058409144 0.09607039586909004
0 0.11873700340106088 0.08198091770084337 0.1968103058409144 0.09607039586909004
0 0.7704037800687186 0.08198091770084337 0.1968103058409144 0.09607039586909004
0 0.11873700340106088 0.18159466437077183 0.1968103058409144 0.09607039586909004
0 0.7704037800687186 0.18159466437077183 0.1968103058409144 0.09607039586909004
0 0.11873700340106088 0.7063196040308089 0.1968103058409144 0.09607039586909004
0 0.7704037800687186 0.7063196040308089 0.1968103058409144 0.09607039586909004
0 0.11873700340106088 0.8055010480917700 0.1968103058409144 0.09607039586909004
0 0.7704037800687186 0.8055010480917700 0.1968103058409144 0.09607039586909004
0 0.11873700340106088 0.9050147848537005 0.1968103058409144 0.09607039586909004
0 0.7704037800687186 0.9050147848537005 0.1968103058409144 0.09607039586909004
1 0.4997851133676976 0.499354560000549 0.7016188659793805 0.1167640996557659
