0 0.22747747747747749 0.06584258324924319 0.2801801801801802 0.10141271442986882
0 0.7463963963963964 0.06584258324924319 0.2801801801801802 0.10141271442986882
0 0.22747747747747749 0.17028254288597378 0.2801801801801802 0.10141271442986882
0 0.7463963963963964 0.17028254288597378 0.2801801801801802 0.10141271442986882
0 0.22747747747747749 0.2752270433905146 0.2801801801801802 0.10141271442986882
0 0.7463963963963964 0.2752270433905146 0.2801801801801802 0.10141271442986882
0 0.22747747747747749 0.7247729566094854 0.2801801801801802 0.10141271442986882
0 0.7463963963963964 0.7247729566094854 0.2801801801801802 0.10141271442986882
0 0.22747747747747749 0.8297174571140262 0.2801801801801802 0.10141271442986882
0 0.7463963963963964 0.8297174571140262 0.2801801801801802 0.10141271442986882
0 0.22747747747747749 0.9346619576185672 0.2801801801801802 0.10141271442986882
0 0.7463963963963964 0.9346619576185672 0.2801801801801802 0.10141271442986882
1 0.4873873873873874 0.5 0.6720720720720721 0.2391523713420787
