0 0.34440747571805534 0.00907679738561090 0.0645630067960065 0.08946078430371549
0 0.649757180553398 0.00907679738561090 0.0645630067960065 0.08946078430371549
0 0.34440747571805534 0.1003970588135194 0.0645630067960065 0.08946078430371549
0 0.649757180553398 0.1003970588135194 0.0645630067960065 0.08946078430371549
0 0.34440747571805534 0.3040158069934640 0.0645630067960065 0.08946078430371549
0 0.649757180553398 0.3040158069934640 0.0645630067960065 0.08946078430371549
0 0.34440747571805534 0.7005930371549009 0.0645630067960065 0.08946078430371549
0 0.649757180553398 0.7005930371549009 0.0645630067960065 0.08946078430371549
0 0.34440747571805534 0.7939033986918004 0.0645630067960065 0.08946078430371549
0 0.649757180553398 0.7939033986918004 0.0645630067960065 0.08946078430371549
0 0.34440747571805534 0.8866410568617450 0.0645630067960065 0.08946078430371549
0 0.649757180553398 0.8866410568617450 0.0645630067960065 0.08946078430371549
1 0.49708737864077673 0.5030637154900960 0.3950456300679601 0.10009180045750634
