CCD 0.34759036144578315 0.11439888164026095 0.172289156626506 0.08620689655172414
CCD 0.653012048192771 0.11439888164026095 0.172289156626506 0.08620689655172414
CCD 0.34759036144578315 0.2038676607642125 0.172289156626506 0.08620689655172414
CCD 0.653012048192771 0.2038676607642125 0.172289156626506 0.08620689655172414
CCD 0.34759036144578315 0.29287045666356015 0.172289156626506 0.08620689655172414
CCD 0.653012048192771 0.29287045666356015 0.172289156626506 0.08620689655172414
CCD 0.34759036144578315 0.7085274930102516 0.172289156626506 0.08620689655172414
CCD 0.653012048192771 0.7085274930102516 0.172289156626506 0.08620689655172414
CCD 0.34759036144578315 0.7975302889095993 0.172289156626506 0.08620689655172414
CCD 0.653012048192771 0.7975302889095993 0.172289156626506 0.08620689655172414
CCD 0.34759036144578315 0.8869990680335508 0.172289156626506 0.08620689655172414
CCD 0.653012048192771 0.8869990680335508 0.172289156626506 0.08620689655172414
IOD 0.5003012048192771 0.5004659832246039 0.413855421686747 0.2031686859273066
