0 0.3493050684930507 0.0043000907659805 0.0643835606438356 0.08991406034669556
0 0.6540095890400958 0.0043000907659805 0.0643835606438356 0.08991406034669556
0 0.3493050684930507 0.10700448076136907 0.0643835606438356 0.08991406034669556
0 0.6540095890400958 0.10700448076136907 0.0643835606438356 0.08991406034669556
0 0.3493050684930507 0.30018890196496935 0.0643835606438356 0.08991406034669556
0 0.6540095890400958 0.30018890196496935 0.0643835606438356 0.08991406034669556
0 0.3493050684930507 0.6981665111000840 0.0643835606438356 0.08991406034669556
0 0.6540095890400958 0.6981665111000840 0.0643835606438356 0.08991406034669556
0 0.3493050684930507 0.7900798011065718 0.0643835606438356 0.08991406034669556
0 0.6540095890400958 0.7900798011065718 0.0643835606438356 0.08991406034669556
0 0.3493050684930507 0.8838930011019604 0.0643835606438356 0.08991406034669556
0 0.6540095890400958 0.8838930011019604 0.0643835606438356 0.08991406034669556
1 0.5010404009589041 0.4991777075875768 0.3955479451054795 0.10098988804611607
