0 0.3503579951167303 0.00387755001040806 0.06600978510186396 0.09083673469387756
0 0.6581338901047970 0.00387755001040806 0.06600978510186396 0.09083673469387756
0 0.3503579951167303 0.0989795908367347 0.06600978510186396 0.09083673469387756
0 0.6581338901047970 0.0989795908367347 0.06600978510186396 0.09083673469387756
0 0.3503579951167303 0.1936734693877550 0.06600978510186396 0.09083673469387756
0 0.6581338901047970 0.1936734693877550 0.06600978510186396 0.09083673469387756
0 0.3503579951167303 0.7004185704185704 0.06600978510186396 0.09083673469387756
0 0.6581338901047970 0.7004185704185704 0.06600978510186396 0.09083673469387756
0 0.3503579951167303 0.796530601144898 0.06600978510186396 0.09083673469387756
0 0.6581338901047970 0.796530601144898 0.06600978510186396 0.09083673469387756
0 0.3503579951167303 0.8906316530601145 0.06600978510186396 0.09083673469387756
0 0.6581338901047970 0.8906316530601145 0.06600978510186396 0.09083673469387756
1 0.5045346061051506 0.4977550010408063 0.3990453460610515 0.106734693877550
