CCD 0.1972173144876325 0.06263577118030413 0.286660777385159 0.10161718561428916
CCD 0.7285777385159011 0.06263577118030413 0.286660777385159 0.10161718561428916
CCD 0.1972173144876325 0.16714940864108135 0.286660777385159 0.10161718561428916
CCD 0.7285777385159011 0.16714940864108135 0.286660777385159 0.10161718561428916
CCD 0.1972173144876325 0.2719044170890659 0.286660777385159 0.10161718561428916
CCD 0.7285777385159011 0.2719044170890659 0.286660777385159 0.10161718561428916
CCD 0.1972173144876325 0.7218199372435433 0.286660777385159 0.10161718561428916
CCD 0.7285777385159011 0.7218199372435433 0.286660777385159 0.10161718561428916
CCD 0.1972173144876325 0.8263335747043206 0.286660777385159 0.10161718561428916
CCD 0.7285777385159011 0.8263335747043206 0.286660777385159 0.10161718561428916
CCD 0.1972173144876325 0.931088583152305 0.286660777385159 0.10161718561428916
CCD 0.7285777385159011 0.931088583152305 0.286660777385159 0.10161718561428916
IOD 0.463339222614841 0.4968621771663046 0.6890459363957597 0.23919864832247165
