0 0.37530350770333106 0.00706349106349106 0.03650010039376568 0.0890053390053390
0 0.6181694374776067 0.00706349106349106 0.03650010039376568 0.0890053390053390
0 0.37530350770333106 0.1094055844055844 0.03650010039376568 0.0890053390053390
0 0.6181694374776067 0.1094055844055844 0.03650010039376568 0.0890053390053390
0 0.37530350770333106 0.3004069164069164 0.03650010039376568 0.0890053390053390
0 0.6181694374776067 0.3004069164069164 0.03650010039376568 0.0890053390053390
0 0.37530350770333106 0.6957070707070707 0.03650010039376568 0.0890053390053390
0 0.6181694374776067 0.6957070707070707 0.03650010039376568 0.0890053390053390
0 0.37530350770333106 0.7876984016984017 0.03650010039376568 0.0890053390053390
0 0.6181694374776067 0.7876984016984017 0.03650010039376568 0.0890053390053390
0 0.37530350770333106 0.8796897546897547 0.03650010039376568 0.0890053390053390
0 0.6181694374776067 0.8796897546897547 0.03650010039376568 0.0890053390053390
1 0.5009706098495063 0.49855699855699853 0.3180977785739878 0.10995670995670995
