0 0.3469337189801067 0.00139001038970180 0.06567754698308496 0.09083198450134817
0 0.6535608308605341 0.00139001038970180 0.06567754698308496 0.09083198450134817
0 0.3469337189801067 0.10605310107664196 0.06567754698308496 0.09083198450134817
0 0.6535608308605341 0.10605310107664196 0.06567754698308496 0.09083198450134817
0 0.3469337189801067 0.19949769778049854 0.06567754698308496 0.09083198450134817
0 0.6535608308605341 0.19949769778049854 0.06567754698308496 0.09083198450134817
0 0.3469337189801067 0.700910887400586 0.06567754698308496 0.09083198450134817
0 0.6535608308605341 0.700910887400586 0.06567754698308496 0.09083198450134817
0 0.3469337189801067 0.7941653830054407 0.06567754698308496 0.09083198450134817
0 0.6535608308605341 0.7941653830054407 0.06567754698308496 0.09083198450134817
0 0.3469337189801067 0.8880184637913808 0.06567754698308496 0.09083198450134817
0 0.6535608308605341 0.8880184637913808 0.06567754698308496 0.09083198450134817
1 0.5001471799108705 0.5001091915900413 0.3970305519079030 0.10347844186301165
