0 0.35412217001281504 0.12310469314079422 0.16232379325074756 0.0888086642599278
0 0.6548483554036736 0.12310469314079422 0.16232379325074756 0.0888086642599278
0 0.35412217001281504 0.21516245487364621 0.16232379325074756 0.0888086642599278
0 0.6548483554036736 0.21516245487364621 0.16232379325074756 0.0888086642599278
0 0.35412217001281504 0.3068592057761733 0.16232379325074756 0.0888086642599278
0 0.6548483554036736 0.3068592057761733 0.16232379325074756 0.0888086642599278
0 0.35412217001281504 0.7003610108303249 0.16232379325074756 0.0888086642599278
0 0.6548483554036736 0.7003610108303249 0.16232379325074756 0.0888086642599278
0 0.35412217001281504 0.7920577617328519 0.16232379325074756 0.0888086642599278
0 0.6548483554036736 0.7920577617328519 0.16232379325074756 0.0888086642599278
0 0.35412217001281504 0.8837545126353791 0.16232379325074756 0.0888086642599278
0 0.6548483554036736 0.8837545126353791 0.16232379325074756 0.0888086642599278
1 0.5046988466467321 0.5036101083032491 0.3900042716787698 0.20938628158844766
