CCD 0.3493150684931507 0.11574575659082702 0.1643835616438356 0.08992416034669556
CCD 0.6541095890410958 0.11574575659082702 0.1643835616438356 0.08992416034669556
CCD 0.3493150684931507 0.20855904658721558 0.1643835616438356 0.08992416034669556
CCD 0.6541095890410958 0.20855904658721558 0.1643835616438356 0.08992416034669556
CCD 0.3493150684931507 0.30173347778981585 0.1643835616438356 0.08992416034669556
CCD 0.6541095890410958 0.30173347778981585 0.1643835616438356 0.08992416034669556
CCD 0.3493150684931507 0.6997110870350307 0.1643835616438356 0.08992416034669556
CCD 0.6541095890410958 0.6997110870350307 0.1643835616438356 0.08992416034669556
CCD 0.3493150684931507 0.7925243770314193 0.1643835616438356 0.08992416034669556
CCD 0.6541095890410958 0.7925243770314193 0.1643835616438356 0.08992416034669556
CCD 0.3493150684931507 0.8853376670278079 0.1643835616438356 0.08992416034669556
CCD 0.6541095890410958 0.8853376670278079 0.1643835616438356 0.08992416034669556
IOD 0.5021404109589042 0.5007222824124232 0.3955479452054795 0.21198988804622607
