0 0.1567981456040350 0.00418570418570419 0.1713684100516306 0.09570418570418570
0 0.7615 0.00418570418570419 0.1713684100516306 0.09570418570418570
0 0.1567981456040350 0.10309513809513808 0.1713684100516306 0.09570418570418570
0 0.7615 0.10309513809513808 0.1713684100516306 0.09570418570418570
0 0.1567981456040350 0.3009047609047609 0.1713684100516306 0.09570418570418570
0 0.7615 0.3009047609047609 0.1713684100516306 0.09570418570418570
0 0.1567981456040350 0.7164185704185704 0.1713684100516306 0.09570418570418570
0 0.7615 0.7164185704185704 0.1713684100516306 0.09570418570418570
0 0.1567981456040350 0.8151380951380951 0.1713684100516306 0.09570418570418570
0 0.7615 0.8151380951380951 0.1713684100516306 0.09570418570418570
0 0.1567981456040350 0.914047609047609 0.1713684100516306 0.09570418570418570
0 0.7615 0.914047609047609 0.1713684100516306 0.09570418570418570
1 0.5096490118070076 0.5040666666666667 0.6543859649011807 0.11547609047609047
