0 0.3544467415015853 0.00387057695939567 0.05667000375387796 0.09154003110008886
0 0.6450360944057087 0.00387057695939567 0.05667000375387796 0.09154003110008886
0 0.3544467415015853 0.09914457034938611 0.05667000375387796 0.09154003110008886
0 0.6450360944057087 0.09914457034938611 0.05667000375387796 0.09154003110008886
0 0.3544467415015853 0.19460756373937675 0.05667000375387796 0.09154003110008886
0 0.6450360944057087 0.19460756373937675 0.05667000375387796 0.09154003110008886
0 0.3544467415015853 0.7049001917189896 0.05667000375387796 0.09154003110008886
0 0.6450360944057087 0.7049001917189896 0.05667000375387796 0.09154003110008886
0 0.3544467415015853 0.8007554196506037 0.05667000375387796 0.09154003110008886
0 0.6450360944057087 0.8007554196506037 0.05667000375387796 0.09154003110008886
0 0.3544467415015853 0.8960184130406044 0.05667000375387796 0.09154003110008886
0 0.6450360944057087 0.8960184130406044 0.05667000375387796 0.09154003110008886
1 0.499740468459051 0.5 0.37590486039196794 0.10803030060473087
