0 0.1810343460030383 0.3036604774535809 0.03606340809011458 0.10811180067008753
0 0.4094087581561748 0.3036604774535809 0.03606340809011458 0.10811180067008753
0 0.5568030704095001 0.3036604774535809 0.03606340809011458 0.10811180067008753
0 0.6940875815617477 0.3036604774535809 0.03606340809011458 0.10811180067008753
0 0.1810343460030383 0.736737400530504 0.03606340809011458 0.10811180067008753
0 0.4094087581561748 0.736737400530504 0.03606340809011458 0.10811180067008753
0 0.5568030704095001 0.736737400530504 0.03606340809011458 0.10811180067008753
0 0.6940875815617477 0.736737400530504 0.03606340809011458 0.10811180067008753
1 0.34676354019061084 0.5158610689655071 0.1803738440105314 0.10351785045888595
1 0.6194583883750650 0.5158610689655071 0.1803738440105314 0.10351785045888595
