0 0.15666666666666665 0.14190666666666667 0.06833333333333333 0.1575
0 0.41833333333333334 0.14190666666666667 0.06833333333333333 0.1575
0 0.5990666666666666 0.14190666666666667 0.06833333333333333 0.1575
0 0.7690666666666668 0.14190666666666667 0.06833333333333333 0.1575
0 0.15666666666666665 0.7679066666666667 0.06833333333333333 0.1575
0 0.41833333333333334 0.7679066666666667 0.06833333333333333 0.1575
0 0.5990666666666666 0.7679066666666667 0.06833333333333333 0.1575
0 0.7690666666666668 0.7679066666666667 0.06833333333333333 0.1575
0 0.3375 0.505 0.34833333333333333 0.0633333333333333
1 0.6890666666666667 0.505 0.34833333333333333 0.1633333333333333
