0 0.18198053034300794 0.1900661049860496 0.0358839050030916 0.10745051354570638
0 0.41008469656991086 0.1900661049860496 0.0358839050030916 0.10745051354570638
0 0.5573878617968338 0.1900661049860496 0.0358839050030916 0.10745051354570638
0 0.6945900190137467 0.1900661049860496 0.0358839050030916 0.10745051354570638
0 0.18198053034300794 0.7309944598337950 0.0358839050030916 0.10745051354570638
0 0.41008469656991086 0.7309944598337950 0.0358839050030916 0.10745051354570638
0 0.5573878617968338 0.7309944598337950 0.0358839050030916 0.10745051354570638
0 0.6945900190137467 0.7309944598337950 0.0358839050030916 0.10745051354570638
1 0.3469656991084433 0.5003878006343490 0.1796833773087070 0.11199068975069153
1 0.6191875989445900 0.5003878006343490 0.1796833773087070 0.11199068975069153
